1 3.62831537317224 0
419783 3.62831537317224 1.52310148398099
530027 3.00088526115204 1.92310148398099
596674 7.94312720918226 2.12310148398099
621853 1.70826286749005 2.32310148398099
738931 2.60674625931912 2.52310148398099
815655 2.3300246982618 2.72310148398099
901491 3.73650188693345 2.92310148398099
955017 2.93750458985092 3.12310148398099
1023102 8.67886046562086 3.32310148398099
1069191 2.93625392723963 3.72310148398099
1137305 3.08563405922875 3.92310148398099
1266938 2.52041536445206 4.32310148398099
1346290 1.85331047583746 4.52310148398099
1454205 3.09439450435536 4.72310148398099
1518838 5.75738384478096 4.92310148398099
1553576 4.51849759954814 5.12310148398099
1642101 3.99464717278844 5.52310148398099
1692168 3.87289169458376 5.72310148398099
1743809 2.28859137201053 5.92310148398099
2442929 3.68215627071215 7.52310148398099
2497245 3.96377113185483 7.72310148398099
2547702 3.87657001085438 7.92310148398099
2599294 3.98787685436274 8.12310148398099
2699598 3.72273099545829 8.52310148398099
2753322 3.93894633185621 8.72310148398099
2804097 3.2864196922268 8.92310148398099
2925810 4.16415082554292 9.32310148398099
2973839 4.00032002560203 9.52310148398099
3023835 4.24628450106155 9.72310148398099
3070935 4.1120111846704 9.92310148398099
3119573 3.98596938775512 10.123101483981
3169749 4.05457457376287 10.323101483981
3219076 3.98533397098675 10.523101483981
3269260 3.34565650144698 10.723101483981
3329039 4.24493261169479 10.923101483981
3423269 3.97503676909013 11.323101483981
3473583 4.13864459389548 11.523101483981
3521908 3.99464717278844 11.723101483981
3571975 4.71209122608611 11.923101483981
3614419 6.83971136418047 12.123101483981
3643660 5.92346878331954 12.323101483981
3677424 3.26136586002216 12.523101483981
3738748 10.0938730190774 12.723101483981
3758562 5.92381967892894 12.923101483981
3792324 5.91348570414828 13.123101483981
3826145 5.9234687833196 13.323101483981
3859909 17.7100858939165 13.523101483981
3882495 0.961658668872066 13.923101483981
4090469 5.92399514232395 14.123101483981
4124230 9.45402978019395 14.323101483981
4145385 4.47177193963106 14.523101483981
4190110 5.89587878073224 14.723101483981
4224032 5.92346878331948 14.923101483981
4257796 3.90464848402021 15.123101483981
4309017 5.71869728075953 15.323101483981
4343990 4.95785820525531 15.523101483981
4384330 5.95557143707936 15.723101483981
4417912 5.96783337809205 15.923101483981
4451425 7.52813640983171 16.123101483981
4477992 21.1037248074286 16.323101483981
4496946 2.52369115067697 16.723101483981
4576195 5.92381967892894 16.923101483981
4609957 3.52578228294401 17.123101483981
4666682 4.85319097306486 17.323101483981
4707892 2.45951031149697 17.523101483981
4789209 3.61461025464927 17.723101483981
4844540 1.34355329540034 17.923101483981
4993399 3.95264728551946 18.123101483981
5043998 3.61487158168711 18.323101483981
5099325 3.61474091344501 18.523101483981
5154654 3.62831537317222 18.723101483981
5209776 5.74308317420206 18.923101483981
5279425 3.6177486749996 19.323101483981
5334708 3.6235822734355 19.523101483981
5389902 2.06528361507243 19.723101483981
5486741 8.75733426744894 19.923101483981
5509579 3.61480624638518 20.123101483981
5564907 3.61506760176421 20.323101483981
5620231 4.47170528481035 20.523101483981
5754408 3.60991282060536 21.123101483981
5809811 3.6229915040849 21.323101483981
5865014 2.8219491202574 21.523101483981
5935887 3.74889876098894 21.723101483981
5989236 3.46836847946724 21.923101483981
6046900 3.64630811303553 22.123101483981
6101750 4.74495848161326 22.323101483981
6143900 3.12207305650957 22.523101483981
6207960 3.145000235875 22.723101483981
6271553 2.95512640553198 22.923101483981
6339232 4.68768311262156 23.123101483981
6381897 3.56926151979154 23.323101483981
6437931 3.52528510743312 23.523101483981
6494664 3.2357747253636 23.723101483981
6556473 3.61532899493852 23.923101483981
6611793 2.79583420703151 24.123101483981
6683328 3.86951979259372 24.323101483981
6735014 3.5804436169642 24.523101483981
6790873 3.37464460773974 24.723101483981
6909404 3.50354734168344 25.123101483981
6966489 3.47174003610608 25.323101483981
7024097 3.90777647518568 25.523101483981
7075277 3.57864977543971 25.723101483981
7131164 3.61461025464927 25.923101483981
7186495 3.62266338211852 26.123101483981
7241703 3.63048884532301 26.323101483981
7296792 3.74160477428775 26.523101483981
7350245 3.62706516022559 26.723101483981
7405386 1.13987392994334 26.923101483981
7580844 1.32388958760839 27.123101483981
7731914 1.23910363243229 27.323101483981
7893321 0.990025493156464 27.523101483981
8095336 1.57152398538482 27.723101483981
8222601 2.23886444795199 27.923101483981
8311932 0.950873139260123 28.123101483981
8732598 1.23503294450381 28.523101483981
8894537 1.20643269915187 28.723101483981
9060315 1.15559510258795 28.923101483981
9233386 1.23235422789926 29.123101483981
9395677 1.11363535124058 29.323101483981
9575269 1.3851566612184 29.523101483981
9719657 1.24866548875888 29.723101483981
9879828 1.00328072798049 29.923101483981
10079174 1.43582233134471 30.123101483981
10218467 1.46969129134425 30.323101483981
10354550 1.11585971411676 30.523101483981
10533784 1.75773182285578 30.723101483981
10647567 5.44795837759797 30.923101483981
10684278 2.48610886670726 31.123101483981
10764725 3.50864881933966 31.323101483981
10821727 3.56703347660923 31.523101483981
10877796 3.46542373468714 31.723101483981
10935509 3.2512923887245 31.923101483981
10997023 3.40471894045152 32.123101483981
11055765 3.49381594577591 32.323101483981
11113009 4.12201154163238 32.523101483981
11161529 2.98115907464827 32.723101483981
11228617 4.79834936781737 32.923101483981
11270298 2.4752781593832 33.123101483981
11351097 3.32634800252796 33.323101483981
11411223 3.41804385350269 33.523101483981
11469736 3.65590611633099 33.723101483981
11524442 3.49852187450795 33.923101483981
11581609 3.33066879829475 34.123101483981
11641657 3.44394124636227 34.323101483981
11699730 3.46897006278841 34.523101483981
11757384 3.61043415470716 34.723101483981
11812779 3.49040139616049 34.923101483981
11870079 25.8799171842649 35.123101483981
11885535 1.23270362723044 35.523101483981
12047780 6.04174848201079 35.723101483981
12080883 3.4982770985289 35.923101483981
12138054 1.90712310479644 36.123101483981
12242924 3.49375491309278 36.323101483981
12300169 4.11531101462999 36.523101483981
12348768 4.29710160496751 36.723101483981
12395311 4.81602774031977 36.923101483981
12478367 4.12532744786609 37.323101483981
12526848 5.8248751292394 37.523101483981
12595519 2.48135879207458 37.923101483981
12676120 4.1732743510559 38.123101483981
12724044 4.18200066912002 38.323101483981
12771868 4.17353561069266 38.523101483981
12819789 0.268532429990233 38.723101483981
13564578 1.95415551169565 38.923101483981
13666924 1.92305843213049 39.123101483981
13770925 1.95710036010643 39.323101483981
13873117 1.95196221001164 39.523101483981
13975578 1.96457864699465 39.723101483981
14077381 1.81950509461429 39.923101483981
14297221 2.9041485762411 40.323101483981
14366088 3.62880911556849 40.523101483981
14476317 1.96937620008865 40.923101483981
14577872 1.83913119442378 41.123101483981
14686619 1.94129523217887 41.323101483981
14789643 1.15435617948508 41.523101483981
15482670 1.84471213267166 42.323101483981
15591088 1.71077617915251 42.523101483981
15707994 1.93875473783185 42.723101483981
15811153 2.00258333249895 42.923101483981
15911024 1.70805862057188 43.123101483981
16028116 2.45446958912174 43.323101483981
16109600 2.30093993396306 43.523101483981
16196521 1.6063095840461 43.723101483981
16321030 1.56392952933543 43.923101483981
16448913 0.637966672621032 44.123101483981
16762409 0.577949492993796 44.323101483981
17108460 0.554091829638934 44.523101483981
17469411 0.608346514174462 44.723101483981
17798171 0.598009227282386 44.923101483981
18132614 0.592262680343995 45.123101483981
18470302 1.15000690004138 45.323101483981
18644214 1.01122459298212 45.523101483981
18841994 1.30504006472996 45.723101483981
18995246 1.19731800766285 45.923101483981
19162286 1.13028194883215 46.123101483981
19339233 1.18345646211608 46.323101483981
19677226 1.35252109932912 46.723101483981
19825098 1.21635264495884 46.923101483981
19989524 1.20045857517574 47.123101483981
20156127 1.18292331896737 47.323101483981
20663345 1.16168304639764 47.923101483981
21007673 1.19040533301587 48.323101483981
21175683 1.05417400196078 48.523101483981
21365405 0.999095818284433 48.723101483981
21565586 0.872817410961727 48.923101483981
21794729 0.848802763701811 49.123101483981
22030355 0.833821466316738 49.323101483981
22510074 0.855651578677145 49.723101483981
22743814 0.89337561977935 49.923101483981
22967684 0.834136189415644 50.123101483981
23447222 0.879991200088012 50.523101483981
23674497 0.831867167450685 50.723101483981
23914920 0.659217508817044 50.923101483981
24218310 0.701060704846431 51.123101483981
24788874 0.848014585850889 51.523101483981
25024719 0.573614863508332 51.723101483981
25373385 0.803661481710686 51.923101483981
25622246 0.863121825330049 52.123101483981
25853963 0.881200900587303 52.323101483981
26080926 0.519039672797398 52.523101483981
26466253 0.348713942978289 52.723101483981
27039789 0.35970705457476 52.923101483981
27595797 0.432748689853348 53.123101483981
28057959 0.405037040637358 53.323101483981
28551741 0.415876501314176 53.523101483981
29032653 0.403740249672962 53.723101483981
29528021 0.369213501399325 53.923101483981
30069713 0.309546730722208 54.123101483981
30715819 0.56356919643485 54.323101483981
31070700 0.598134418747934 54.523101483981
31405073 0.532987957137098 54.723101483981
31780316 0.519372597901743 54.923101483981
32165396 0.774293457220298 55.123101483981
32423696 0.411951538021059 55.323101483981
32909190 0.489987113338927 55.523101483981
33317364 0.607318491481598 55.723101483981
33975997 0.54625555473618 56.123101483981
34342126 0.557911180540047 56.323101483981
34700606 0.518878081811515 56.523101483981
35086053 0.554308361741626 56.723101483981
35446863 0.570658997009755 56.923101483981
35797335 0.576949982763618 57.123101483981
36490636 0.184302750442099 57.523101483981
37575807 0.456396974088053 57.723101483981
38014022 0.455562186516277 57.923101483981
38892058 0.401235403808325 58.323101483981
39888979 0.115570528359561 58.723101483981
41619524 0.119738467239856 58.923101483981
43289831 0.11543931586044 59.123101483981
45022343 0.116166820200478 59.323101483981
46744005 0.112536954322376 59.523101483981
52075587 0.0304335811438405 60.123101483981
58647275 0.150554794417425 60.323101483981
59975695 0.148965250131278 60.523101483981
61318290 0.0281951800057823 60.723101483981
68411701 0.0982113744485446 60.923101483981
70448125 0.051334386030477 61.123101483981
74344149 0.103209079922013 61.323101483981
76281963 0.0658965772988278 61.523101483981
79317022 0.0669174509670729 61.723101483981
82305779 0.107432733679626 61.923101483981
84167409 0.11109876680369 62.123101483981
85967609 0.0752275350832998 62.323101483981
88626210 0.0302387363353045 62.523101483981
95240243 0.0156016036888431 62.723101483981
120878633 0.0249848185995988 63.123101483981
128883494 0.049938999512095 63.323101483981
132888380 0.0481327732924725 63.523101483981
137043553 0.136770419567197 63.723101483981
139968162 0.170306543262548 64.123101483981
142316868 0.171362131882013 64.523101483981
143483987 0.181578663054452 64.723101483981
144585438 0.154367440819385 64.923101483981
145881048 0.176983319322157 65.123101483981
147011098 0.175561797752812 65.323101483981
148150298 0.357786233459101 65.523101483981
148709291 0.389046020253714 65.723101483981
149223369 0.298343151309209 65.923101483981
149893738 0.541901151810906 66.123101483981
150262809 0.386552607877175 66.323101483981
150780203 0.105883131493616 66.523101483981
152669078 0.160324239742446 66.723101483981
153916550 0.655048293435443 66.923101483981
154221871 0.642005110360688 67.123101483981
154533395 0.68871946390078 67.323101483981
154823789 0.768111099589456 67.523101483981
155084168 0.659024182892355 67.723101483981
155387647 0.639351441897349 67.923101483981
155700464 0.735878491743454 68.123101483981
155972248 0.678228196659058 68.323101483981
156267134 0.690445613599027 68.523101483981
156556802 0.723557587948385 68.723101483981
156833214 0.700510672280103 68.923101483981
157118720 0.759327387799898 69.123101483981
157382111 0.749313441559183 69.323101483981
157649022 0.702479048562338 69.523101483981
157933728 0.681825929840122 69.723101483981
158227058 0.880235198845145 69.923101483981
158454270 0.762415943642225 70.123101483981
158716594 1.27625902953265 70.323101483981
158873302 0.4981915646204 70.523101483981
159274754 0.856619095752895 70.723101483981
159508230 1.22393777500354 70.923101483981
159671637 1.34033883765818 71.123101483981
159820853 1.10493574798627 71.323101483981
160001859 1.28049990716369 71.523101483981
160158048 1.32399475698078 71.723101483981
160309106 1.25900978880113 71.923101483981
160467961 1.42737854792782 72.123101483981
160608078 1.26066840638909 72.323101483981
160766724 1.22402017185236 72.523101483981
160930120 1.23191396312883 72.723101483981
161092469 1.54192493909399 72.923101483981
161222177 1.19446484988565 73.123101483981
161389616 1.23539912657284 73.323101483981
161551507 1.19924926995694 73.523101483981
161718278 1.23958746529157 73.723101483981
161879622 1.22076273255532 73.923101483981
162043454 1.24903980065327 74.123101483981
162203577 1.25358839678582 74.323101483981
162363119 2.22880131350689 74.523101483981
162632322 0.647119348221402 75.123101483981
162941384 0.707476255328191 75.323101483981
163224079 0.675538742146825 75.523101483981
163520139 0.700284198670638 75.723101483981
164376934 0.657103618669638 76.323101483981
164681300 0.757706347116626 76.523101483981
165209209 0.670544649891885 76.923101483981
165507474 0.702990168682502 77.123101483981
165791973 4.30082862631529 77.323101483981
165931481 0.215365696336525 77.923101483981
166860134 0.643846597109782 78.123101483981
167170767 0.673580975378916 78.323101483981
167764608 0.844944275925016 78.723101483981
168001310 0.878256134619114 78.923101483981
168229034 0.584451828019214 79.123101483981
168571235 0.684762661261617 79.323101483981
168863307 0.677226891325363 79.523101483981
169158629 0.711376691742706 79.723101483981
169439774 0.713447413574775 79.923101483981
169720103 1.14208704987496 80.123101483981
169895221 3.22768058872899 80.323101483981
169957185 3.09520861706062 80.523101483981
170021801 3.14406086901847 80.723101483981
170085413 3.46668515565422 80.923101483981
170143105 0.305852019617353 81.123101483981
170797016 0.302649698106931 81.323101483981
171457846 0.285002999656556 81.523101483981
172159593 0.295040516438924 81.723101483981
172837466 0.29726913707229 81.923101483981
173510257 1.10180089356054 82.123101483981
173691778 1.63445429657176 82.323101483981
173814143 1.38596296706944 82.523101483981
173958447 1.18268315326984 82.723101483981
174127554 1.24826023729429 82.923101483981
174287777 1.39403908885607 83.123101483981
174431245 1.79371392953391 83.323101483981
174654246 1.90998252365994 83.723101483981
174758959 1.89460322272011 83.923101483981
174864522 1.93149004799756 84.123101483981
174968069 1.92730216243306 84.323101483981
175071841 2.00785069622212 84.523101483981
175171450 1.93175122907675 84.723101483981
175274983 1.69272045568037 84.923101483981
175393136 1.84719111501076 85.123101483981
175609681 1.92711645564731 85.523101483981
175713463 1.16933079198776 85.723101483981
175884501 1.97694877725721 85.923101483981
176086833 1.48519998217762 86.323101483981
176221495 2.03020951762217 86.523101483981
176418519 2.37577658197027 86.923101483981
176502702 1.06105298898629 87.123101483981
176691194 2.69164513350564 87.323101483981
176765498 1.50262960180307 87.523101483981
176898598 1.61850272313086 87.723101483981
177022169 1.54584592553663 87.923101483981
177280927 1.4723637327365 88.323101483981
177552599 2.1500521387644 88.723101483981
177645620 1.48274456018092 88.923101483981
177780505 1.68188775081154 89.123101483981
177899419 1.5976865498758 89.323101483981
178024600 1.87402784805372 89.523101483981
178131322 1.63612565445029 89.723101483981
178253562 1.78871677458594 89.923101483981
178365374 1.28712552691703 90.123101483981
178520759 1.16035530079312 90.323101483981
178693120 1.34710070251294 90.523101483981
178841587 1.03017909663597 90.723101483981
179035728 1.19365928189459 90.923101483981
179203280 1.26000126000128 91.123101483981
179362010 1.13466164389781 91.323101483981
179538274 1.24242123049392 91.523101483981
179699250 1.2153400217546 91.723101483981
179863813 1.20939457707473 91.923101483981
180029185 1.44208063393867 92.123101483981
180306562 1.31961810252106 92.523101483981
180458121 1.08699196712938 92.723101483981
180642115 2.29869204422687 92.923101483981
180729121 0.782971926541586 93.123101483981
180984558 1.27442109421797 93.323101483981
181141492 1.27987713179528 93.523101483981
181297757 1.19027072707689 93.723101483981
181465786 1.94510902336079 93.923101483981
181568608 5.14204910656905 94.123101483981
181607503 25.4258835494528 94.323101483981
181623235 1.99080249248475 94.723101483981
181723697 5.30040018021369 94.923101483981
181761430 5.85086153936176 95.123101483981
181795613 4.64187903263248 95.323101483981
181838699 1.73596042010233 95.523101483981
181953909 1.09081587573427 95.723101483981
182137258 1.11785550599731 95.923101483981
182316172 1.43656488604451 96.123101483981
182455393 1.0548078140163 96.323101483981
182645001 1.08157802233453 96.523101483981
182829916 1.12481510851655 96.723101483981
183007723 0.955534215291428 96.923101483981
183217030 1.69044560146057 97.123101483981
183335342 1.09486453788507 97.323101483981
183518013 1.0345112968633 97.523101483981
183711341 0.94497861985874 97.723101483981
183922986 0.839785686692769 97.923101483981
184161142 1.30636985943462 98.123101483981
184314238 1.5124245678247 98.323101483981
184446476 1.36906595475229 98.523101483981
184592561 1.41786653622297 98.723101483981
184733618 1.72726487606877 98.923101483981
184849408 0.589935697009035 99.123101483981
185188428 0.854445251420528 99.323101483981
185422498 1.49764495331084 99.523101483981
185556041 1.22332389335064 99.723101483981
185719530 1.46357170037762 99.923101483981
185856182 0.703368431418072 100.123101483981
186140528 1.35992438820404 100.323101483981
186287595 1.41859063020881 100.523101483981
186428580 1.29658802860275 100.723101483981
186582831 1.45648390221169 100.923101483981
186720148 0.938508897064358 101.123101483981
186933252 1.54557116582435 101.323101483981
187062654 1.98493434829632 101.523101483981
187163413 1.19579319952409 101.723101483981
187330666 1.43521442103452 101.923101483981
187470018 1.42511044605959 102.123101483981
187610358 1.17863372778277 102.323101483981
187780046 1.4173038628616 102.523101483981
187921159 0.759165980254104 102.723101483981
188184606 0.655855974028113 102.923101483981
188794496 1.60713568243001 103.323101483981
188918941 0.94301368312849 103.523101483981
189131027 3.46993303029257 103.723101483981
189246303 2.12037360983008 104.123101483981
189340626 2.28068374898798 104.323101483981
189428319 1.6065482908334 104.523101483981
189677300 2.21503566207419 104.923101483981
189767592 1.32722808414628 105.123101483981
190068972 0.935243724514557 105.523101483981
190282820 0.976748501912 105.723101483981
190487581 0.892219842969321 105.923101483981
190711741 1.01155192296022 106.123101483981
190909457 1.46932418434143 106.323101483981
191045574 1.07428694204216 106.523101483981
191231744 1.38877315779243 106.723101483981
191375756 0.584704709504091 106.923101483981
192059862 0.405789808994743 107.323101483981
192552728 0.473788818110078 107.523101483981
192974857 0.535170036899982 107.723101483981
193348570 0.763696903972763 107.923101483981
193610454 0.776869487868224 108.123101483981
194125341 0.762500238281307 108.523101483981
194649931 0.768131749957764 108.923101483981
194910303 0.738920806162611 109.123101483981
195180968 0.732209148221109 109.323101483981
195454114 0.614254387311927 109.523101483981
195779712 0.815082282556436 109.723101483981
196025086 0.902486349893971 109.923101483981
196246696 0.856377011415518 110.123101483981
196480238 0.281934749021691 110.323101483981
197189622 0.304007271853926 110.523101483981
197847501 0.306872250616434 110.723101483981
198499238 0.316966754941913 110.923101483981
199130219 0.302932997279666 111.123101483981
199790431 0.303507177185977 111.323101483981
200449394 0.375695506306028 111.523101483981
200981740 0.454585747373069 111.723101483981
201421701 0.467915064057579 111.923101483981
201849129 0.367883748735405 112.123101483981
202392779 0.644938682454775 112.323101483981
202702886 0.431823677755875 112.523101483981
203166038 0.330257534825662 112.723101483981
203771626 0.287583992499814 112.923101483981
204467075 0.283827240035539 113.123101483981
205171729 0.388277890486227 113.323101483981
205686824 0.355056897867864 113.523101483981
206250114 0.255048688794695 113.723101483981
207034278 0.210596588545865 113.923101483981
207983961 0.220776625937062 114.123101483981
208889854 0.240697638034082 114.323101483981
209720772 0.235574035029846 114.523101483981
210569762 0.234064042262607 114.723101483981
211424229 0.216995287947325 114.923101483981
213267587 0.231767435284741 115.323101483981
214130521 0.357202816186983 115.523101483981
214690427 0.246142940128195 115.723101483981
215502963 0.338991094703947 115.923101483981
216092949 0.101644403154231 116.123101483981
218060593 0.13304011292445 116.323101483981
219563899 0.555395108079857 116.523101483981
219924003 0.528532845673702 116.723101483981
220302409 0.480350079137683 116.923101483981
220718772 0.0698970765547741 117.123101483981
223580122 0.086338898307025 117.323101483981
225896575 0.334428586955595 117.523101483981
226494610 0.354603641779406 117.723101483981
227058620 0.341154877491289 117.923101483981
227644864 0.339441584649099 118.123101483981
228234067 0.312073337234255 118.323101483981
228874942 0.428294872453763 118.523101483981
229341910 0.157469279711897 118.723101483981
230611999 0.311218654446152 118.923101483981
231254634 0.359962779848569 119.123101483981
231810247 0.344942368753746 119.323101483981
232390054 0.334163171876809 119.523101483981
232988564 0.343849985128493 119.723101483981
233570213 0.318602735841697 119.923101483981
234197954 0.900434459626783 120.123101483981
234420069 0.926140310256983 120.323101483981
234851969 0.844847906255689 120.723101483981
235088698 1.07328957889485 120.923101483981
235275041 1.43037983736583 121.123101483981
235414864 1.49513706669061 121.323101483981
235548631 1.48785169094336 121.523101483981
235683053 1.46615742132235 121.723101483981
235819464 1.49389742900255 121.923101483981
235953342 1.12478980490523 122.123101483981
236131153 1.49433274307192 122.323101483981
236264992 1.48193154958164 122.523101483981
236399951 1.53865091088136 122.723101483981
236529935 1.4380316223154 122.923101483981
236808093 0.40561862925241 123.323101483981
237301167 0.369290537483892 123.523101483981
237842746 0.575278003095004 123.723101483981
238190404 1.00400598387568 123.923101483981
238389606 0.913997413387334 124.123101483981
238608425 1.00896465092347 124.323101483981
238806648 0.897392178329724 124.523101483981
239029516 3.55296583823352 124.723101483981
239085807 2.88442124087806 124.923101483981
239155145 3.59867568734711 125.123101483981
239210721 3.56391888520623 125.323101483981
239266839 3.6502345275682 125.523101483981
239321630 3.62437026566639 125.723101483981
239376812 4.25522861215725 125.923101483981
239423813 2.89063290407439 126.123101483981
239493002 3.56773341895899 126.323101483981
239549060 3.55764270594285 126.523101483981
239605277 3.5556187665559 126.723101483981
239661526 3.54547066123033 126.923101483981
239717936 3.57890592845772 127.123101483981
239773819 3.54899386024067 127.323101483981
239830173 3.55069504855556 127.523101483981
239886500 3.34297223661563 127.723101483981
239946327 4.39985920450583 127.923101483981
239991783 2.82549728752245 128.123101483981
240062567 3.48553502962734 128.323101483981
240119947 3.55871886120977 128.523101483981
240176147 3.55833896736984 128.723101483981
240232353 2.95814228664424 128.923101483981
240299963 4.50247636199885 129.123101483981
240344383 2.95761734346835 129.323101483981
240412005 2.11351699796034 129.523101483981
240506634 2.16600242592275 129.723101483981
240691306 2.56587894183138 130.123101483981
240769252 2.58454699352593 130.323101483981
240846635 2.41132357551046 130.523101483981
240929577 2.52522064115338 130.723101483981
241008778 3.5057582078567 130.923101483981
241065827 2.12919984669749 131.123101483981
241159759 2.97291672860268 131.323101483981
241227033 2.66905101891008 131.523101483981
241301966 3.12226801548628 131.723101483981
241366022 43.0292598967304 131.923101483981
241375318 1.6258972920682 132.323101483981
241498327 2.72542686998336 132.523101483981
241571710 4.73316767246454 132.723101483981
241613965 3.45357531384395 132.923101483981
241671876 4.2532377772577 133.123101483981
241718899 4.05145345892845 133.323101483981
241817629 3.90625000000033 133.723101483981
241868829 3.52187081777821 133.923101483981
241925617 3.98573108272363 134.123101483981
241975796 3.89150484492386 134.323101483981
242027190 3.58712223118983 134.523101483981
242082945 3.89052074620221 134.723101483981
242134352 3.87784779447385 134.923101483981
242185927 3.2979898751709 135.123101483981
242246570 4.90003920031402 135.323101483981
242287386 3.57538703564641 135.523101483981
242343324 4.02115125560482 135.723101483981
242393061 3.91171264558883 135.923101483981
242495318 4.03714170367386 136.323101483981
242594398 3.89150484492386 136.723101483981
242645792 3.67985280588756 136.923101483981
242700142 3.50739768628662 137.123101483981
242871209 3.89582562284545 137.723101483981
242922546 3.89127770103292 137.923101483981
242973943 3.69713102632337 138.123101483981
243028039 3.70089376584477 138.323101483981
243082080 3.92796119174321 138.523101483981
243132997 3.8429760006152 138.723101483981
243185040 5.36092422333579 138.923101483981
243259654 1.95574156830933 139.323101483981
243361917 3.76683303512551 139.523101483981
243415012 3.89105058365792 139.723101483981
243466412 3.85349029883796 139.923101483981
243518313 2.43519341523687 140.123101483981
243600442 3.92726701488468 140.323101483981
243651368 6.66200326438123 140.523101483981
243681389 6.09570252971707 140.723101483981
243714199 6.64142923557113 140.923101483981
243744313 6.64253213324883 141.123101483981
243774422 1.86252689023214 141.323101483981
243881803 2.25004781351591 141.523101483981
243970690 2.05875692257033 141.723101483981
244067836 2.4225393057001 141.923101483981
244232952 2.47576841662252 142.323101483981
244313735 2.38666332533788 142.523101483981
244397534 3.00117796235027 142.723101483981
244530815 4.31108811864091 143.123101483981
244577207 14.7454565561988 143.323101483981
244604334 2.4294547088908 143.723101483981
244686657 44.0528634361229 143.923101483981
244700277 2.83675871948696 144.523101483981
244770780 11.0503342726119 144.723101483981
244806978 10.7089312486608 145.123101483981
244825654 10.7100781835717 145.323101483981
244844328 7.95544948289535 145.523101483981
244869468 10.7100781835717 145.723101483981
244888142 5.57196188778038 145.923101483981
244924036 3.50219762901201 146.123101483981
244981143 3.68059772907151 146.323101483981
245035482 3.78909876285905 146.523101483981
245088265 2.32477042892034 146.723101483981
245174295 9.07811719849253 146.923101483981
245196326 3.39023273947738 147.123101483981
245255319 3.6628024101243 147.323101483981
245309922 3.47720259051598 147.523101483981
245424957 3.73761913660977 147.923101483981
245478467 3.81322808823789 148.123101483981
245530916 3.4845026743561 148.323101483981
245588313 4.50196961170519 148.523101483981
245677163 1.75188108231203 148.923101483981
245905489 7.21630885801974 149.323101483981
245933204 3.77237489861722 149.523101483981
245986221 3.61454492879377 149.723101483981
246041553 3.78766357972064 149.923101483981
246094356 3.64531121844507 150.123101483981
246149221 2.74472669383969 150.323101483981
246222088 3.78773531305612 150.523101483981
246274890 3.77273070248278 150.723101483981
246327902 3.68012365215451 150.923101483981
246382248 3.05441439240045 151.123101483981
246447727 6.20193500372169 151.323101483981
246479975 3.77059688548677 151.523101483981
246533017 3.09076017246446 151.723101483981
246662435 3.69692600602579 152.123101483981
246716534 3.7770769201718 152.323101483981
246769485 4.31424996764289 152.523101483981
246815843 3.97653842330285 152.723101483981
246866138 3.32369461893823 152.923101483981
246926312 3.7446171129 153.123101483981
246979722 3.7446171128808 153.323101483981
